#include <vector>
#include <gtest/gtest.h>
#include "proj2.hpp"
#include "ver.hpp"

namespace{
		TEST(BigSampleTests, TSPJourney_n100)
	{
		std::vector< std::vector< unsigned>  > gr = { 
			{ 0, 559, 891, 605, 445, 438, 656, 180, 833, 582, 680, 583, 822, 598, 839, 683, 722, 628, 431, 716, 1005, 556, 559, 541, 817, 654, 342, 468, 810, 784, 660, 538, 713, 430, 667, 552, 552, 550, 683, 873, 332, 591, 792, 761, 601, 909, 517, 868, 615, 657, 423, 566, 778, 802, 262, 927, 868, 769, 659, 535, 660, 677, 745, 801, 654, 890, 1450, 886, 555, 595, 473, 637, 594, 512, 611, 669, 1169, 793, 529, 633, 627, 583, 615, 709, 558, 478, 581, 286, 825, 599, 357, 745, 697, 736, 545, 864, 580, 965, 746, 459},
			{ 559, 0, 823, 688, 403, 370, 633, 739, 791, 555, 379, 582, 730, 918, 558, 641, 690, 549, 389, 704, 849, 255, 517, 499, 704, 752, 868, 426, 534, 510, 592, 284, 432, 129, 386, 556, 7, 508, 644, 572, 319, 578, 516, 487, 572, 429, 421, 594, 334, 376, 664, 265, 731, 734, 297, 626, 658, 493, 618, 467, 629, 582, 632, 709, 373, 609, 1173, 818, 542, 599, 635, 523, 562, 522, 502, 388, 1078, 780, 686, 632, 585, 522, 591, 667, 602, 436, 280, 273, 694, 531, 315, 769, 551, 605, 244, 384, 538, 789, 465, 363},
			{ 891, 823, 0, 1006, 875, 453, 519, 919, 1070, 512, 961, 662, 643, 1013, 697, 939, 669, 740, 861, 870, 1152, 829, 719, 632, 910, 964, 757, 705, 631, 908, 481, 826, 651, 882, 801, 816, 816, 736, 680, 913, 762, 971, 613, 784, 831, 1006, 768, 891, 749, 774, 1088, 818, 754, 475, 832, 1086, 939, 590, 958, 356, 515, 889, 838, 622, 771, 832, 1043, 5, 809, 859, 772, 960, 541, 562, 565, 695, 492, 763, 944, 730, 546, 985, 724, 946, 881, 715, 1033, 808, 646, 292, 787, 866, 923, 735, 997, 961, 817, 1151, 863, 826},
			{ 605, 688, 1006, 0, 574, 747, 585, 785, 525, 569, 809, 719, 779, 1078, 799, 812, 726, 710, 560, 686, 426, 681, 688, 670, 754, 894, 864, 597, 457, 751, 775, 652, 477, 559, 627, 634, 681, 679, 781, 757, 461, 110, 439, 728, 743, 729, 746, 835, 575, 617, 946, 644, 697, 917, 439, 1030, 765, 416, 746, 650, 589, 715, 682, 758, 614, 658, 1408, 1001, 684, 677, 713, 945, 598, 721, 622, 521, 1261, 816, 828, 731, 756, 786, 762, 401, 866, 607, 710, 415, 783, 714, 486, 140, 749, 865, 674, 774, 530, 1030, 706, 731},
			{ 445, 403, 875, 574, 0, 584, 481, 590, 564, 363, 553, 355, 779, 690, 732, 414, 520, 594, 14, 477, 573, 429, 281, 272, 622, 546, 752, 199, 634, 662, 801, 457, 606, 303, 560, 518, 396, 281, 673, 718, 113, 464, 616, 619, 169, 830, 575, 512, 508, 550, 548, 439, 559, 694, 183, 716, 599, 639, 651, 676, 485, 554, 550, 800, 547, 783, 1148, 880, 336, 507, 465, 697, 392, 515, 416, 562, 732, 574, 572, 623, 358, 388, 364, 440, 776, 209, 454, 159, 523, 612, 88, 714, 618, 467, 418, 785, 311, 696, 617, 517},
			{ 438, 370, 453, 747, 584, 0, 388, 618, 783, 221, 735, 371, 384, 754, 438, 648, 320, 481, 570, 721, 893, 481, 588, 501, 753, 904, 498, 574, 372, 653, 222, 452, 392, 485, 542, 557, 363, 445, 538, 564, 471, 680, 354, 643, 700, 696, 315, 750, 490, 519, 692, 551, 405, 364, 524, 795, 680, 331, 667, 97, 384, 630, 694, 363, 516, 573, 1160, 448, 460, 600, 481, 827, 192, 303, 274, 436, 945, 524, 685, 588, 415, 532, 593, 660, 748, 584, 636, 500, 535, 161, 496, 607, 664, 624, 600, 651, 686, 860, 608, 373},
			{ 656, 633, 519, 585, 481, 388, 0, 733, 636, 555, 513, 669, 578, 839, 523, 555, 708, 634, 476, 569, 716, 405, 200, 364, 462, 860, 692, 291, 499, 397, 416, 376, 397, 504, 351, 558, 626, 595, 569, 443, 427, 695, 481, 452, 312, 487, 513, 559, 299, 263, 712, 368, 602, 369, 394, 760, 691, 458, 768, 291, 4, 547, 390, 557, 260, 391, 823, 514, 554, 515, 637, 898, 580, 497, 502, 353, 1011, 657, 638, 519, 450, 552, 456, 512, 840, 281, 655, 418, 198, 227, 402, 725, 609, 287, 568, 442, 383, 676, 352, 455},
			{ 180, 739, 919, 785, 590, 618, 733, 0, 904, 553, 860, 403, 707, 418, 904, 838, 710, 448, 604, 536, 825, 670, 533, 527, 637, 474, 162, 600, 837, 604, 688, 641, 735, 610, 682, 372, 732, 477, 843, 801, 512, 771, 819, 581, 421, 902, 620, 688, 709, 673, 243, 746, 642, 830, 442, 892, 690, 796, 479, 563, 737, 497, 565, 728, 670, 972, 1382, 914, 616, 415, 293, 457, 582, 626, 606, 691, 989, 729, 349, 794, 613, 403, 435, 780, 378, 610, 700, 466, 757, 627, 537, 886, 826, 722, 725, 932, 712, 892, 635, 562},
			{ 833, 791, 1070, 525, 564, 783, 636, 904, 0, 620, 739, 501, 894, 1063, 894, 776, 719, 724, 550, 643, 702, 632, 436, 438, 477, 934, 820, 365, 618, 618, 967, 603, 572, 691, 722, 648, 784, 575, 692, 537, 501, 635, 636, 819, 548, 1056, 469, 712, 670, 668, 727, 705, 378, 768, 571, 916, 765, 633, 469, 842, 640, 700, 405, 873, 665, 819, 1222, 1065, 601, 673, 611, 764, 591, 772, 673, 616, 942, 497, 859, 742, 524, 567, 530, 124, 843, 355, 829, 547, 597, 778, 476, 665, 844, 633, 793, 1011, 253, 990, 573, 527},
			{ 582, 555, 512, 569, 363, 221, 555, 553, 620, 0, 690, 150, 605, 593, 558, 590, 157, 330, 349, 503, 916, 370, 477, 459, 809, 683, 715, 386, 482, 432, 443, 341, 432, 440, 386, 339, 548, 224, 604, 401, 250, 459, 500, 487, 532, 533, 478, 594, 334, 298, 576, 403, 242, 585, 320, 574, 775, 493, 446, 318, 551, 582, 737, 584, 295, 609, 1275, 517, 297, 382, 260, 834, 29, 152, 53, 388, 806, 361, 621, 554, 545, 575, 493, 527, 805, 396, 591, 296, 743, 382, 275, 709, 655, 654, 555, 488, 498, 639, 387, 420},
			{ 680, 379, 961, 809, 553, 735, 513, 860, 739, 690, 0, 732, 538, 956, 679, 789, 830, 635, 539, 772, 970, 376, 585, 421, 579, 873, 994, 494, 655, 590, 700, 405, 553, 250, 507, 667, 372, 658, 691, 693, 440, 699, 637, 558, 669, 808, 542, 451, 455, 497, 785, 386, 852, 486, 418, 247, 748, 614, 739, 753, 509, 703, 507, 559, 494, 730, 940, 966, 663, 710, 746, 644, 702, 643, 736, 509, 1219, 774, 807, 741, 507, 643, 513, 615, 723, 504, 401, 394, 315, 689, 465, 890, 825, 226, 365, 763, 606, 910, 586, 484},
			{ 583, 582, 662, 719, 355, 371, 669, 403, 501, 150, 732, 0, 524, 720, 708, 593, 307, 265, 341, 353, 827, 490, 469, 435, 730, 657, 565, 378, 632, 421, 593, 461, 582, 482, 499, 189, 575, 74, 661, 551, 292, 609, 650, 398, 524, 683, 440, 505, 484, 448, 426, 553, 392, 735, 362, 709, 762, 643, 296, 468, 673, 722, 658, 545, 445, 759, 1210, 667, 447, 232, 110, 826, 179, 302, 203, 538, 956, 511, 471, 611, 521, 541, 343, 377, 747, 388, 633, 338, 719, 532, 267, 859, 643, 630, 597, 638, 490, 489, 466, 382},
			{ 822, 730, 643, 779, 779, 384, 578, 707, 894, 605, 538, 524, 0, 780, 378, 758, 704, 411, 765, 499, 887, 475, 671, 507, 665, 917, 688, 580, 322, 567, 162, 446, 424, 601, 559, 335, 723, 598, 648, 704, 716, 859, 340, 458, 755, 846, 425, 565, 522, 550, 686, 591, 562, 554, 769, 769, 630, 363, 600, 287, 574, 662, 593, 21, 547, 523, 1026, 638, 548, 292, 414, 767, 576, 493, 592, 468, 1126, 681, 617, 632, 593, 526, 489, 770, 688, 590, 752, 745, 401, 351, 691, 639, 696, 312, 716, 801, 692, 911, 612, 367},
			{ 598, 918, 1013, 1078, 690, 754, 839, 418, 1063, 593, 956, 720, 780, 0, 835, 932, 750, 607, 676, 695, 1048, 717, 789, 711, 905, 858, 256, 718, 703, 763, 739, 688, 601, 789, 663, 531, 911, 794, 809, 793, 775, 1052, 685, 654, 839, 612, 782, 761, 611, 653, 661, 680, 801, 812, 818, 965, 556, 662, 796, 657, 835, 363, 833, 801, 650, 838, 1266, 1008, 710, 488, 610, 395, 622, 745, 646, 557, 1266, 821, 443, 859, 797, 821, 685, 939, 316, 708, 638, 794, 641, 721, 750, 938, 824, 730, 880, 657, 810, 1038, 729, 724},
			{ 839, 558, 697, 799, 732, 438, 523, 904, 894, 558, 679, 708, 378, 835, 0, 558, 715, 637, 718, 641, 806, 330, 630, 632, 773, 930, 742, 559, 424, 400, 216, 301, 322, 429, 276, 561, 551, 782, 572, 514, 619, 878, 406, 377, 676, 468, 438, 484, 224, 266, 699, 293, 664, 608, 597, 688, 665, 383, 693, 341, 519, 472, 701, 357, 263, 499, 1201, 692, 479, 518, 640, 821, 587, 547, 505, 278, 1117, 783, 641, 522, 659, 539, 715, 770, 742, 549, 580, 573, 713, 405, 644, 659, 590, 690, 493, 423, 641, 533, 355, 380},
			{ 683, 641, 939, 812, 414, 648, 555, 838, 776, 590, 789, 593, 758, 932, 558, 0, 747, 556, 400, 644, 916, 440, 528, 510, 784, 784, 676, 437, 519, 248, 774, 411, 432, 539, 386, 480, 634, 519, 259, 624, 351, 702, 501, 487, 583, 916, 333, 594, 334, 298, 710, 403, 750, 464, 421, 798, 775, 493, 714, 727, 551, 582, 712, 737, 295, 609, 1260, 944, 572, 523, 559, 933, 619, 636, 537, 388, 1146, 752, 489, 209, 473, 550, 602, 652, 875, 447, 690, 397, 635, 667, 326, 769, 704, 705, 603, 871, 523, 404, 203, 391},
			{ 722, 690, 669, 726, 520, 320, 708, 710, 719, 157, 830, 307, 704, 750, 715, 747, 0, 487, 506, 660, 1073, 469, 634, 616, 912, 840, 818, 543, 581, 589, 542, 440, 589, 580, 543, 496, 683, 381, 761, 500, 407, 616, 599, 644, 689, 376, 577, 731, 491, 455, 733, 560, 341, 684, 460, 731, 889, 622, 603, 417, 704, 739, 840, 683, 452, 766, 1432, 674, 396, 539, 417, 974, 128, 309, 210, 545, 905, 460, 778, 711, 702, 678, 650, 684, 904, 553, 731, 436, 855, 481, 432, 866, 498, 811, 695, 331, 655, 796, 544, 519},
			{ 628, 549, 740, 710, 594, 481, 634, 448, 724, 330, 635, 265, 411, 607, 637, 556, 487, 0, 580, 240, 714, 377, 486, 322, 662, 773, 545, 395, 586, 308, 509, 348, 511, 503, 386, 76, 542, 339, 548, 505, 531, 600, 595, 285, 598, 742, 327, 392, 413, 377, 588, 482, 346, 635, 601, 596, 649, 572, 341, 384, 630, 609, 590, 432, 374, 688, 945, 735, 450, 119, 155, 717, 359, 178, 277, 467, 910, 465, 358, 498, 408, 428, 230, 636, 796, 405, 474, 577, 606, 448, 506, 848, 530, 517, 603, 697, 507, 754, 353, 269},
			{ 431, 389, 861, 560, 14, 570, 476, 604, 550, 349, 539, 341, 765, 676, 718, 400, 506, 580, 0, 463, 587, 415, 276, 258, 608, 532, 745, 185, 620, 648, 787, 443, 592, 289, 546, 504, 382, 267, 659, 704, 99, 450, 602, 605, 183, 816, 561, 498, 494, 536, 534, 425, 545, 708, 169, 702, 585, 625, 637, 662, 480, 540, 536, 786, 533, 769, 1162, 866, 322, 493, 451, 683, 378, 501, 402, 548, 746, 560, 558, 609, 344, 374, 350, 426, 762, 195, 440, 145, 537, 598, 74, 700, 604, 453, 404, 771, 297, 682, 603, 503},
			{ 716, 704, 870, 686, 477, 721, 569, 536, 643, 503, 772, 353, 499, 695, 641, 644, 660, 240, 463, 0, 802, 465, 369, 351, 750, 847, 633, 278, 617, 396, 661, 436, 515, 591, 365, 164, 697, 427, 600, 593, 414, 688, 599, 373, 481, 830, 415, 480, 417, 459, 676, 486, 434, 395, 484, 684, 583, 576, 429, 624, 573, 390, 678, 520, 456, 692, 1185, 875, 538, 207, 243, 877, 532, 418, 517, 471, 998, 553, 446, 586, 437, 516, 318, 519, 900, 288, 714, 460, 566, 598, 389, 826, 618, 546, 582, 785, 390, 842, 441, 357},
			{ 1005, 849, 1152, 426, 573, 893, 716, 825, 702, 916, 970, 827, 887, 1048, 806, 916, 1073, 714, 587, 802, 0, 688, 516, 680, 931, 1119, 987, 607, 603, 758, 921, 659, 623, 720, 530, 638, 842, 854, 927, 872, 686, 536, 585, 429, 404, 1107, 796, 536, 582, 624, 1057, 651, 843, 929, 756, 740, 878, 562, 903, 796, 720, 685, 859, 904, 621, 804, 1383, 1147, 837, 595, 717, 1114, 945, 892, 863, 636, 1305, 962, 920, 877, 766, 897, 772, 578, 1123, 597, 871, 732, 758, 860, 661, 286, 895, 847, 605, 1062, 699, 1037, 713, 738},
			{ 556, 255, 829, 681, 429, 481, 405, 670, 632, 370, 376, 490, 475, 717, 330, 440, 469, 377, 415, 465, 688, 0, 358, 360, 501, 658, 710, 287, 306, 282, 546, 29, 204, 126, 158, 301, 248, 534, 389, 396, 316, 575, 288, 259, 470, 684, 166, 366, 106, 148, 427, 175, 512, 594, 294, 570, 547, 265, 363, 473, 401, 354, 429, 454, 145, 381, 1083, 824, 289, 344, 380, 514, 341, 267, 366, 160, 1005, 631, 523, 404, 446, 267, 452, 508, 435, 277, 277, 270, 595, 537, 341, 541, 476, 555, 241, 639, 379, 561, 237, 108},
			{ 559, 517, 719, 688, 281, 588, 200, 533, 436, 477, 585, 469, 671, 789, 630, 528, 634, 486, 276, 369, 516, 358, 0, 164, 662, 660, 695, 91, 506, 548, 616, 329, 502, 417, 458, 410, 510, 395, 658, 643, 227, 578, 488, 559, 112, 687, 466, 666, 406, 448, 662, 475, 673, 569, 297, 832, 491, 511, 657, 491, 204, 426, 590, 692, 445, 591, 1023, 714, 450, 399, 489, 811, 506, 625, 530, 460, 1013, 688, 686, 704, 250, 502, 256, 312, 793, 81, 568, 273, 398, 427, 202, 787, 732, 359, 532, 642, 183, 810, 503, 408},
			{ 541, 499, 632, 670, 272, 501, 364, 527, 438, 459, 421, 435, 507, 711, 632, 510, 616, 322, 258, 351, 680, 360, 164, 0, 548, 642, 689, 73, 508, 478, 529, 331, 504, 399, 460, 246, 492, 377, 494, 675, 209, 560, 490, 455, 276, 851, 468, 562, 408, 450, 644, 477, 516, 455, 279, 668, 327, 513, 511, 404, 368, 428, 476, 528, 447, 683, 909, 627, 432, 289, 325, 651, 488, 500, 432, 462, 1004, 635, 528, 544, 86, 484, 92, 314, 730, 83, 550, 255, 284, 340, 184, 789, 700, 195, 514, 806, 185, 792, 505, 410},
			{ 817, 704, 910, 754, 622, 753, 462, 637, 477, 809, 579, 730, 665, 905, 773, 784, 912, 662, 608, 750, 931, 501, 662, 548, 0, 625, 799, 594, 749, 725, 781, 472, 647, 575, 601, 586, 697, 727, 640, 839, 559, 864, 731, 702, 618, 733, 451, 809, 549, 591, 394, 618, 797, 435, 629, 826, 875, 708, 698, 656, 458, 797, 72, 686, 588, 824, 889, 915, 574, 629, 665, 969, 784, 768, 764, 603, 1140, 723, 868, 690, 634, 234, 640, 353, 936, 584, 726, 605, 264, 638, 534, 894, 919, 353, 460, 778, 482, 1004, 680, 393},
			{ 654, 752, 964, 894, 546, 904, 860, 474, 934, 683, 873, 657, 917, 858, 930, 784, 840, 773, 532, 847, 1119, 658, 660, 642, 625, 0, 602, 569, 906, 746, 1037, 629, 804, 623, 758, 697, 745, 583, 831, 996, 433, 784, 888, 859, 715, 890, 608, 966, 706, 748, 231, 759, 879, 902, 503, 1120, 969, 865, 654, 1001, 864, 910, 553, 896, 745, 981, 1066, 969, 656, 740, 767, 931, 712, 835, 736, 760, 515, 894, 415, 817, 728, 391, 734, 810, 852, 579, 774, 479, 731, 982, 458, 1034, 938, 820, 738, 935, 681, 998, 701, 550},
			{ 342, 868, 757, 864, 752, 498, 692, 162, 820, 715, 994, 565, 688, 256, 742, 676, 818, 545, 745, 633, 987, 710, 695, 689, 799, 602, 0, 679, 676, 518, 526, 681, 617, 744, 656, 469, 861, 639, 872, 836, 646, 905, 658, 678, 583, 868, 693, 785, 604, 568, 405, 673, 677, 668, 576, 989, 812, 635, 641, 401, 688, 619, 727, 667, 565, 877, 1464, 752, 454, 512, 455, 619, 690, 607, 706, 658, 1117, 796, 187, 824, 719, 565, 597, 696, 540, 669, 787, 600, 839, 465, 671, 724, 889, 884, 859, 913, 567, 981, 473, 635},
			{ 468, 426, 705, 597, 199, 574, 291, 600, 365, 386, 494, 378, 580, 718, 559, 437, 543, 395, 185, 278, 607, 287, 91, 73, 594, 569, 679, 0, 435, 477, 602, 258, 431, 326, 387, 319, 419, 304, 567, 625, 136, 487, 417, 474, 203, 778, 395, 581, 335, 377, 571, 404, 582, 528, 206, 741, 400, 440, 584, 477, 295, 355, 522, 601, 374, 610, 982, 700, 359, 308, 398, 720, 415, 538, 439, 389, 931, 597, 595, 617, 159, 411, 165, 241, 722, 10, 477, 182, 357, 413, 111, 716, 641, 268, 441, 733, 112, 719, 432, 337},
			{ 810, 534, 631, 457, 634, 372, 499, 837, 618, 482, 655, 632, 322, 703, 424, 519, 581, 586, 620, 617, 603, 306, 506, 508, 749, 906, 676, 435, 0, 376, 400, 277, 102, 405, 252, 510, 527, 706, 360, 382, 571, 567, 18, 353, 618, 586, 414, 460, 200, 242, 675, 269, 240, 542, 573, 609, 308, 41, 669, 275, 495, 340, 677, 301, 239, 201, 1177, 626, 455, 494, 589, 799, 453, 481, 481, 146, 804, 359, 532, 310, 593, 515, 600, 550, 741, 425, 556, 549, 689, 339, 546, 317, 374, 634, 469, 541, 421, 655, 331, 356},
			{ 784, 510, 908, 751, 662, 653, 397, 604, 618, 432, 590, 421, 567, 763, 400, 248, 589, 308, 648, 396, 758, 282, 548, 478, 725, 746, 518, 477, 376, 0, 616, 253, 274, 381, 228, 232, 503, 495, 446, 466, 571, 756, 358, 329, 628, 758, 390, 436, 176, 140, 651, 245, 502, 651, 549, 640, 617, 335, 497, 569, 393, 424, 653, 588, 137, 451, 1153, 903, 431, 275, 311, 775, 461, 478, 379, 230, 1066, 621, 331, 396, 564, 491, 386, 494, 717, 467, 532, 525, 587, 616, 574, 611, 546, 673, 445, 713, 365, 553, 45, 332},
			{ 660, 592, 481, 775, 801, 222, 416, 688, 967, 443, 700, 593, 162, 739, 216, 774, 542, 509, 787, 661, 921, 546, 616, 529, 781, 1037, 526, 602, 400, 616, 0, 517, 420, 645, 492, 497, 585, 667, 597, 700, 693, 885, 382, 593, 728, 684, 537, 700, 440, 482, 806, 509, 627, 392, 746, 904, 708, 359, 762, 125, 412, 658, 755, 141, 479, 601, 1188, 476, 668, 454, 576, 605, 414, 331, 430, 464, 973, 680, 713, 647, 443, 646, 621, 843, 526, 612, 796, 722, 563, 189, 713, 635, 692, 474, 709, 639, 714, 749, 571, 487},
			{ 538, 284, 826, 652, 457, 452, 376, 641, 603, 341, 405, 461, 446, 688, 301, 411, 440, 348, 443, 436, 659, 29, 329, 331, 472, 629, 681, 258, 277, 253, 517, 0, 175, 155, 129, 272, 277, 535, 360, 367, 345, 604, 259, 230, 441, 659, 137, 337, 77, 119, 398, 146, 483, 565, 323, 541, 518, 236, 392, 470, 372, 325, 400, 425, 116, 352, 1054, 821, 260, 315, 351, 543, 312, 296, 358, 131, 1034, 602, 494, 375, 417, 238, 423, 479, 464, 248, 306, 299, 566, 534, 369, 512, 447, 526, 270, 614, 350, 532, 208, 79},
			{ 713, 432, 651, 477, 606, 392, 397, 735, 572, 432, 553, 582, 424, 601, 322, 432, 589, 511, 592, 515, 623, 204, 502, 504, 647, 804, 617, 431, 102, 274, 420, 175, 0, 303, 150, 435, 425, 656, 426, 280, 493, 587, 84, 251, 550, 484, 312, 358, 98, 140, 573, 167, 342, 562, 471, 562, 410, 61, 567, 295, 393, 238, 575, 403, 137, 303, 1075, 646, 353, 392, 514, 697, 461, 471, 379, 44, 906, 461, 430, 376, 590, 413, 589, 448, 639, 421, 454, 447, 587, 359, 518, 337, 272, 676, 367, 439, 319, 553, 229, 254},
			{ 430, 129, 882, 559, 303, 485, 504, 610, 691, 440, 250, 482, 601, 789, 429, 539, 580, 503, 289, 591, 720, 126, 417, 399, 575, 623, 744, 326, 405, 381, 645, 155, 303, 0, 257, 427, 122, 408, 515, 443, 190, 449, 387, 358, 472, 558, 292, 465, 205, 247, 535, 136, 602, 720, 168, 497, 646, 364, 489, 582, 500, 453, 503, 580, 244, 480, 1044, 877, 413, 470, 506, 394, 452, 393, 486, 259, 1035, 651, 557, 503, 485, 393, 491, 567, 473, 336, 151, 144, 565, 590, 215, 640, 575, 476, 115, 513, 438, 660, 336, 234},
			{ 667, 386, 801, 627, 560, 542, 351, 682, 722, 386, 507, 499, 559, 663, 276, 386, 543, 386, 546, 365, 530, 158, 458, 460, 601, 758, 656, 387, 252, 228, 492, 129, 150, 257, 0, 310, 379, 573, 400, 342, 447, 706, 234, 101, 504, 634, 266, 208, 52, 94, 527, 121, 492, 605, 425, 412, 493, 211, 521, 445, 347, 300, 529, 553, 91, 327, 1029, 796, 307, 267, 389, 651, 415, 425, 333, 106, 1056, 611, 469, 350, 546, 367, 464, 598, 593, 377, 408, 401, 541, 509, 472, 487, 422, 630, 217, 589, 469, 507, 183, 208},
			{ 552, 556, 816, 634, 518, 557, 558, 372, 648, 339, 667, 189, 335, 531, 561, 480, 496, 76, 504, 164, 638, 301, 410, 246, 586, 697, 469, 319, 510, 232, 497, 272, 435, 427, 310, 0, 549, 263, 472, 429, 455, 524, 519, 209, 522, 666, 251, 316, 337, 301, 512, 406, 270, 559, 525, 520, 573, 496, 265, 460, 554, 533, 514, 356, 298, 612, 1021, 811, 374, 43, 79, 713, 368, 254, 353, 391, 834, 389, 282, 422, 332, 352, 154, 560, 736, 329, 550, 501, 530, 524, 430, 772, 454, 441, 527, 621, 431, 678, 277, 193},
			{ 552, 7, 816, 681, 396, 363, 626, 732, 784, 548, 372, 575, 723, 911, 551, 634, 683, 542, 382, 697, 842, 248, 510, 492, 697, 745, 861, 419, 527, 503, 585, 277, 425, 122, 379, 549, 0, 501, 637, 565, 312, 571, 509, 480, 565, 436, 414, 587, 327, 369, 657, 258, 724, 727, 290, 619, 651, 486, 611, 460, 622, 575, 625, 702, 366, 602, 1166, 811, 535, 592, 628, 516, 555, 515, 495, 381, 1085, 773, 679, 625, 578, 515, 584, 660, 595, 429, 273, 266, 687, 524, 308, 762, 558, 598, 237, 391, 531, 782, 458, 356},
			{ 550, 508, 736, 679, 281, 445, 595, 477, 575, 224, 658, 74, 598, 794, 782, 519, 381, 339, 267, 427, 854, 534, 395, 377, 727, 583, 639, 304, 706, 495, 667, 535, 656, 408, 573, 263, 501, 0, 735, 625, 218, 569, 721, 472, 450, 757, 514, 579, 558, 522, 352, 544, 466, 809, 288, 783, 704, 717, 370, 542, 599, 659, 655, 619, 519, 833, 1284, 741, 441, 306, 184, 802, 253, 376, 277, 612, 1013, 585, 545, 685, 463, 493, 417, 451, 821, 314, 559, 264, 661, 606, 193, 819, 717, 572, 523, 712, 416, 415, 540, 456},
			{ 683, 644, 680, 781, 673, 538, 569, 843, 692, 604, 691, 661, 648, 809, 572, 259, 761, 548, 659, 600, 927, 389, 658, 494, 640, 831, 872, 567, 360, 446, 597, 360, 426, 515, 400, 472, 637, 735, 0, 638, 610, 891, 342, 501, 730, 910, 223, 608, 348, 312, 600, 417, 600, 205, 680, 812, 639, 365, 604, 472, 565, 446, 568, 627, 309, 561, 1001, 685, 418, 429, 551, 903, 633, 650, 551, 402, 938, 493, 687, 50, 408, 440, 586, 568, 824, 577, 666, 656, 376, 408, 585, 641, 698, 465, 473, 865, 679, 663, 401, 281},
			{ 873, 572, 913, 757, 718, 564, 443, 801, 537, 401, 693, 551, 704, 793, 514, 624, 500, 505, 704, 593, 872, 396, 643, 675, 839, 996, 836, 625, 382, 466, 700, 367, 280, 443, 342, 429, 565, 625, 638, 0, 605, 860, 364, 443, 742, 764, 504, 550, 290, 332, 765, 359, 159, 566, 611, 754, 623, 341, 694, 575, 447, 430, 767, 683, 329, 517, 1266, 918, 382, 472, 508, 535, 372, 529, 454, 236, 723, 278, 707, 588, 761, 605, 583, 661, 614, 615, 292, 587, 641, 639, 630, 617, 552, 730, 558, 719, 599, 745, 421, 446},
			{ 332, 319, 762, 461, 113, 471, 427, 512, 501, 250, 440, 292, 716, 775, 619, 351, 407, 531, 99, 414, 686, 316, 227, 209, 559, 433, 646, 136, 571, 571, 693, 345, 493, 190, 447, 455, 312, 218, 610, 605, 0, 351, 553, 548, 282, 717, 462, 597, 395, 437, 485, 326, 446, 664, 70, 687, 536, 554, 588, 568, 431, 477, 487, 737, 434, 670, 1118, 767, 223, 444, 402, 584, 279, 402, 303, 449, 845, 461, 459, 560, 295, 325, 301, 377, 663, 146, 341, 46, 493, 549, 25, 601, 505, 404, 305, 672, 248, 633, 526, 404},
			{ 591, 578, 971, 110, 464, 680, 695, 771, 635, 459, 699, 609, 859, 1052, 878, 702, 616, 600, 450, 688, 536, 575, 578, 560, 864, 784, 905, 487, 567, 756, 885, 604, 587, 449, 706, 524, 571, 569, 891, 860, 351, 0, 549, 733, 633, 619, 741, 840, 654, 689, 836, 585, 701, 1015, 329, 946, 875, 526, 789, 760, 699, 736, 792, 868, 686, 768, 1469, 976, 574, 567, 603, 843, 488, 611, 512, 631, 1196, 812, 718, 841, 646, 676, 652, 511, 922, 497, 600, 305, 844, 824, 376, 250, 764, 755, 564, 664, 599, 984, 778, 683},
			{ 792, 516, 613, 439, 616, 354, 481, 819, 636, 500, 637, 650, 340, 685, 406, 501, 599, 595, 602, 599, 585, 288, 488, 490, 731, 888, 658, 417, 18, 358, 382, 259, 84, 387, 234, 519, 509, 721, 342, 364, 553, 549, 0, 335, 600, 568, 396, 442, 182, 224, 657, 251, 258, 524, 555, 591, 326, 23, 651, 257, 477, 322, 659, 319, 221, 219, 1159, 608, 437, 476, 598, 781, 471, 463, 463, 128, 822, 377, 514, 292, 575, 497, 582, 532, 723, 407, 538, 531, 671, 321, 528, 299, 356, 652, 451, 523, 403, 637, 313, 338},
			{ 761, 487, 784, 728, 619, 643, 452, 581, 819, 487, 558, 398, 458, 654, 377, 487, 644, 285, 605, 373, 429, 259, 559, 455, 702, 859, 678, 474, 353, 329, 593, 230, 251, 358, 101, 209, 480, 472, 501, 443, 548, 733, 335, 0, 605, 735, 367, 107, 153, 195, 628, 222, 479, 706, 526, 311, 594, 312, 474, 546, 448, 401, 630, 479, 192, 428, 1130, 779, 408, 166, 288, 752, 516, 463, 434, 207, 1043, 598, 491, 451, 541, 468, 363, 699, 694, 478, 509, 502, 630, 610, 573, 588, 523, 650, 318, 690, 570, 608, 284, 309},
			{ 601, 572, 831, 743, 169, 700, 312, 421, 548, 532, 669, 524, 755, 839, 676, 583, 689, 598, 183, 481, 404, 470, 112, 276, 618, 715, 583, 203, 618, 628, 728, 441, 550, 472, 504, 522, 565, 450, 730, 742, 282, 633, 600, 605, 0, 799, 578, 681, 452, 494, 664, 383, 728, 525, 352, 885, 603, 611, 769, 603, 316, 538, 546, 776, 491, 703, 979, 826, 505, 511, 601, 866, 561, 684, 585, 506, 901, 743, 741, 750, 362, 557, 368, 424, 799, 193, 623, 328, 354, 539, 257, 690, 787, 443, 587, 754, 295, 865, 583, 520},
			{ 909, 429, 1006, 729, 830, 696, 487, 902, 1056, 533, 808, 683, 846, 612, 468, 916, 376, 742, 816, 830, 1107, 684, 687, 851, 733, 890, 868, 778, 586, 758, 684, 659, 484, 558, 634, 666, 436, 757, 910, 764, 717, 619, 568, 735, 799, 0, 716, 749, 582, 624, 659, 651, 717, 856, 647, 953, 894, 545, 870, 778, 491, 722, 661, 825, 621, 787, 1290, 1001, 772, 623, 684, 776, 504, 600, 586, 528, 739, 836, 914, 860, 937, 499, 820, 932, 855, 768, 533, 671, 685, 714, 742, 821, 212, 774, 673, 45, 803, 1001, 713, 658},
			{ 517, 421, 768, 746, 575, 315, 513, 620, 469, 478, 542, 440, 425, 782, 438, 333, 577, 327, 561, 415, 796, 166, 466, 468, 451, 608, 693, 395, 414, 390, 537, 137, 312, 292, 266, 251, 414, 514, 223, 504, 462, 741, 396, 367, 578, 716, 0, 474, 214, 256, 377, 236, 444, 428, 460, 678, 655, 373, 381, 412, 509, 462, 379, 404, 253, 489, 1144, 763, 239, 294, 330, 680, 449, 433, 429, 268, 1008, 563, 533, 273, 554, 217, 405, 345, 601, 385, 443, 436, 571, 476, 487, 649, 584, 660, 407, 751, 474, 669, 345, 58},
			{ 868, 594, 891, 835, 512, 750, 559, 688, 712, 594, 451, 505, 565, 761, 484, 594, 731, 392, 498, 480, 536, 366, 666, 562, 809, 966, 785, 581, 460, 436, 700, 337, 358, 465, 208, 316, 587, 579, 608, 550, 597, 840, 442, 107, 681, 749, 474, 0, 260, 302, 735, 329, 586, 813, 633, 204, 701, 419, 581, 653, 555, 508, 737, 586, 299, 535, 1237, 886, 515, 273, 395, 859, 623, 570, 541, 314, 1150, 705, 598, 558, 648, 575, 470, 806, 801, 585, 616, 609, 737, 717, 572, 695, 630, 677, 425, 794, 677, 715, 391, 416},
			{ 615, 334, 749, 575, 508, 490, 299, 709, 670, 334, 455, 484, 522, 611, 224, 334, 491, 413, 494, 417, 582, 106, 406, 408, 549, 706, 604, 335, 200, 176, 440, 77, 98, 205, 52, 337, 327, 558, 348, 290, 395, 654, 182, 153, 452, 582, 214, 260, 0, 42, 475, 69, 440, 553, 373, 464, 441, 159, 469, 393, 295, 248, 477, 501, 39, 275, 977, 744, 255, 294, 416, 599, 363, 373, 281, 54, 1004, 559, 417, 298, 494, 315, 491, 546, 541, 325, 356, 349, 489, 457, 420, 435, 370, 578, 269, 537, 417, 455, 131, 156},
			{ 657, 376, 774, 617, 550, 519, 263, 673, 668, 298, 497, 448, 550, 653, 266, 298, 455, 377, 536, 459, 624, 148, 448, 450, 591, 748, 568, 377, 242, 140, 482, 119, 140, 247, 94, 301, 369, 522, 312, 332, 437, 689, 224, 195, 494, 624, 256, 302, 42, 0, 517, 111, 482, 517, 415, 506, 483, 201, 511, 435, 259, 290, 519, 543, 3, 317, 1019, 769, 297, 258, 380, 641, 327, 344, 245, 96, 1046, 601, 381, 262, 536, 357, 455, 544, 583, 367, 398, 391, 453, 482, 462, 477, 412, 542, 311, 579, 415, 413, 95, 198},
			{ 423, 664, 1088, 946, 548, 692, 712, 243, 727, 576, 785, 426, 686, 661, 699, 710, 733, 588, 534, 676, 1057, 427, 662, 644, 394, 231, 405, 571, 675, 651, 806, 398, 573, 535, 527, 512, 657, 352, 600, 765, 485, 836, 657, 628, 664, 659, 377, 735, 475, 517, 0, 544, 723, 685, 555, 939, 916, 634, 423, 789, 708, 723, 322, 665, 514, 750, 1139, 1093, 500, 555, 536, 700, 605, 694, 629, 529, 746, 842, 592, 650, 730, 160, 666, 603, 621, 581, 686, 531, 514, 853, 460, 910, 845, 603, 650, 704, 683, 767, 606, 319},
			{ 566, 265, 818, 644, 439, 551, 368, 746, 705, 403, 386, 553, 591, 680, 293, 403, 560, 482, 425, 486, 651, 175, 475, 477, 618, 759, 673, 404, 269, 245, 509, 146, 167, 136, 121, 406, 258, 544, 417, 359, 326, 585, 251, 222, 383, 651, 236, 329, 69, 111, 544, 0, 509, 622, 304, 533, 510, 228, 538, 462, 364, 317, 546, 570, 108, 344, 908, 813, 324, 363, 485, 530, 432, 442, 350, 123, 1073, 628, 486, 367, 563, 384, 560, 581, 609, 394, 287, 280, 558, 526, 351, 504, 439, 612, 251, 606, 486, 524, 200, 225},
			{ 778, 731, 754, 697, 559, 405, 602, 642, 378, 242, 852, 392, 562, 801, 664, 750, 341, 346, 545, 434, 843, 512, 673, 516, 797, 879, 677, 582, 240, 502, 627, 483, 342, 602, 492, 270, 724, 466, 600, 159, 446, 701, 258, 479, 728, 717, 444, 586, 440, 482, 723, 509, 0, 407, 516, 790, 548, 281, 535, 502, 606, 577, 725, 541, 479, 441, 1115, 759, 223, 313, 349, 694, 213, 394, 295, 386, 564, 119, 552, 550, 602, 563, 424, 502, 764, 592, 451, 492, 578, 566, 471, 557, 614, 667, 709, 672, 631, 881, 547, 404},
			{ 802, 734, 475, 917, 694, 364, 369, 830, 768, 585, 486, 735, 554, 812, 608, 464, 684, 635, 708, 395, 929, 594, 569, 455, 435, 902, 668, 528, 542, 651, 392, 565, 562, 720, 605, 559, 727, 809, 205, 566, 664, 1015, 524, 706, 525, 856, 428, 813, 553, 517, 685, 622, 407, 0, 734, 733, 782, 501, 809, 267, 365, 651, 363, 533, 514, 743, 796, 480, 623, 602, 638, 997, 556, 473, 572, 606, 733, 288, 841, 255, 457, 525, 547, 644, 918, 538, 858, 710, 171, 203, 639, 777, 834, 260, 678, 811, 640, 868, 606, 486},
			{ 262, 297, 832, 439, 183, 524, 394, 442, 571, 320, 418, 362, 769, 818, 597, 421, 460, 601, 169, 484, 756, 294, 297, 279, 629, 503, 576, 206, 573, 549, 746, 323, 471, 168, 425, 525, 290, 288, 680, 611, 70, 329, 555, 526, 352, 647, 460, 633, 373, 415, 555, 304, 516, 734, 0, 665, 606, 532, 657, 621, 398, 455, 557, 748, 412, 648, 1188, 837, 293, 514, 472, 562, 332, 472, 373, 427, 915, 531, 389, 630, 365, 395, 371, 447, 641, 216, 319, 24, 563, 619, 95, 579, 435, 474, 283, 602, 318, 703, 504, 402},
			{ 927, 626, 1086, 1030, 716, 795, 760, 892, 916, 574, 247, 709, 769, 965, 688, 798, 731, 596, 702, 684, 740, 570, 832, 668, 826, 1120, 989, 741, 609, 640, 904, 541, 562, 497, 412, 520, 619, 783, 812, 754, 687, 946, 591, 311, 885, 953, 678, 204, 464, 506, 939, 533, 790, 733, 665, 0, 905, 614, 785, 848, 756, 712, 754, 790, 503, 739, 1187, 1090, 719, 477, 599, 891, 603, 726, 627, 518, 1354, 909, 802, 762, 684, 779, 674, 862, 970, 751, 648, 641, 562, 912, 712, 890, 834, 473, 612, 998, 853, 919, 595, 620},
			{ 868, 658, 939, 765, 599, 680, 691, 690, 765, 775, 748, 762, 630, 556, 665, 775, 889, 649, 585, 583, 878, 547, 491, 327, 875, 969, 812, 400, 308, 617, 708, 518, 410, 646, 493, 573, 651, 704, 639, 623, 536, 875, 326, 594, 603, 894, 655, 701, 441, 483, 916, 510, 548, 782, 606, 905, 0, 349, 838, 583, 695, 193, 803, 609, 480, 509, 1236, 934, 696, 616, 652, 951, 761, 789, 722, 387, 1096, 651, 840, 618, 413, 756, 419, 641, 872, 410, 797, 582, 611, 647, 511, 625, 682, 522, 710, 849, 512, 896, 572, 597},
			{ 769, 493, 590, 416, 639, 331, 458, 796, 633, 493, 614, 643, 363, 662, 383, 493, 622, 572, 625, 576, 562, 265, 511, 513, 708, 865, 635, 440, 41, 335, 359, 236, 61, 364, 211, 496, 486, 717, 365, 341, 554, 526, 23, 312, 611, 545, 373, 419, 159, 201, 634, 228, 281, 501, 532, 614, 349, 0, 628, 234, 454, 299, 636, 342, 198, 242, 1136, 585, 414, 453, 575, 758, 494, 440, 440, 105, 845, 400, 491, 315, 552, 474, 605, 509, 700, 430, 515, 508, 648, 298, 551, 276, 333, 675, 428, 500, 380, 614, 290, 315},
			{ 659, 618, 958, 746, 651, 667, 768, 479, 469, 446, 739, 296, 600, 796, 693, 714, 603, 341, 637, 429, 903, 363, 657, 511, 698, 654, 641, 584, 669, 497, 762, 392, 567, 489, 521, 265, 611, 370, 604, 694, 588, 789, 651, 474, 769, 870, 381, 581, 469, 511, 423, 538, 535, 809, 657, 785, 838, 628, 0, 725, 764, 717, 626, 621, 508, 744, 1286, 963, 504, 308, 186, 877, 475, 519, 499, 523, 1067, 622, 547, 654, 597, 482, 419, 345, 798, 576, 640, 633, 795, 789, 563, 886, 719, 706, 604, 825, 474, 785, 542, 323},
			{ 535, 467, 356, 650, 676, 97, 291, 563, 842, 318, 753, 468, 287, 657, 341, 727, 417, 384, 662, 624, 796, 473, 491, 404, 656, 1001, 401, 477, 275, 569, 125, 470, 295, 582, 445, 460, 460, 542, 472, 575, 568, 760, 257, 546, 603, 778, 412, 653, 393, 435, 789, 462, 502, 267, 621, 848, 583, 234, 725, 0, 287, 533, 630, 266, 432, 476, 1063, 351, 557, 503, 539, 730, 289, 206, 305, 339, 848, 555, 588, 522, 318, 629, 496, 718, 651, 487, 733, 597, 438, 64, 588, 510, 567, 527, 662, 733, 589, 848, 524, 470},
			{ 660, 629, 515, 589, 485, 384, 4, 737, 640, 551, 509, 673, 574, 835, 519, 551, 704, 630, 480, 573, 720, 401, 204, 368, 458, 864, 688, 295, 495, 393, 412, 372, 393, 500, 347, 554, 622, 599, 565, 447, 431, 699, 477, 448, 316, 491, 509, 555, 295, 259, 708, 364, 606, 365, 398, 756, 695, 454, 764, 287, 0, 543, 386, 553, 256, 395, 819, 510, 550, 511, 633, 894, 576, 493, 498, 349, 1007, 653, 634, 515, 454, 548, 460, 516, 836, 285, 651, 422, 194, 223, 406, 729, 613, 283, 564, 446, 387, 672, 348, 451},
			{ 677, 582, 889, 715, 554, 630, 547, 497, 700, 582, 703, 722, 662, 363, 472, 582, 739, 609, 540, 390, 685, 354, 426, 428, 797, 910, 619, 355, 340, 424, 658, 325, 238, 453, 300, 533, 575, 659, 446, 430, 477, 736, 322, 401, 538, 722, 462, 508, 248, 290, 723, 317, 577, 651, 455, 712, 193, 299, 717, 533, 543, 0, 725, 641, 287, 475, 1225, 884, 503, 490, 612, 758, 611, 621, 529, 194, 903, 458, 665, 496, 514, 563, 520, 576, 679, 345, 604, 431, 712, 597, 466, 575, 510, 623, 517, 677, 447, 703, 379, 404},
			{ 745, 632, 838, 682, 550, 694, 390, 565, 405, 737, 507, 658, 593, 833, 701, 712, 840, 590, 536, 678, 859, 429, 590, 476, 72, 553, 727, 522, 677, 653, 755, 400, 575, 503, 529, 514, 625, 655, 568, 767, 487, 792, 659, 630, 546, 661, 379, 737, 477, 519, 322, 546, 725, 363, 557, 754, 803, 636, 626, 630, 386, 725, 0, 614, 516, 752, 817, 843, 502, 557, 593, 897, 712, 696, 692, 531, 1068, 651, 796, 618, 562, 162, 568, 281, 864, 512, 654, 533, 192, 566, 462, 822, 847, 281, 388, 706, 410, 932, 608, 321},
			{ 801, 709, 622, 758, 800, 363, 557, 728, 873, 584, 559, 545, 21, 801, 357, 737, 683, 432, 786, 520, 904, 454, 692, 528, 686, 896, 667, 601, 301, 588, 141, 425, 403, 580, 553, 356, 702, 619, 627, 683, 737, 868, 319, 479, 776, 825, 404, 586, 501, 543, 665, 570, 541, 533, 748, 790, 609, 342, 621, 266, 553, 641, 614, 0, 540, 502, 1047, 617, 527, 313, 435, 746, 555, 472, 571, 447, 1105, 660, 638, 611, 584, 505, 510, 749, 667, 611, 731, 724, 422, 330, 712, 618, 675, 333, 695, 780, 713, 890, 632, 346},
			{ 654, 373, 771, 614, 547, 516, 260, 670, 665, 295, 494, 445, 547, 650, 263, 295, 452, 374, 533, 456, 621, 145, 445, 447, 588, 745, 565, 374, 239, 137, 479, 116, 137, 244, 91, 298, 366, 519, 309, 329, 434, 686, 221, 192, 491, 621, 253, 299, 39, 3, 514, 108, 479, 514, 412, 503, 480, 198, 508, 432, 256, 287, 516, 540, 0, 314, 1016, 766, 294, 255, 377, 638, 324, 341, 242, 93, 1043, 598, 378, 259, 533, 354, 452, 541, 580, 364, 395, 388, 450, 479, 459, 474, 409, 539, 308, 576, 412, 416, 92, 195},
			{ 890, 609, 832, 658, 783, 573, 391, 972, 819, 609, 730, 759, 523, 838, 499, 609, 766, 688, 769, 692, 804, 381, 591, 683, 824, 981, 877, 610, 201, 451, 601, 352, 303, 480, 327, 612, 602, 833, 561, 517, 670, 768, 219, 428, 703, 787, 489, 535, 275, 317, 750, 344, 441, 743, 648, 739, 509, 242, 744, 476, 395, 475, 752, 502, 314, 0, 1214, 827, 530, 569, 691, 874, 638, 648, 556, 281, 1005, 560, 692, 511, 769, 590, 766, 751, 816, 600, 631, 624, 589, 540, 695, 518, 575, 678, 544, 742, 622, 730, 406, 431},
			{ 1450, 1173, 1043, 1408, 1148, 1160, 823, 1382, 1222, 1275, 940, 1210, 1026, 1266, 1201, 1260, 1432, 945, 1162, 1185, 1383, 1083, 1023, 909, 889, 1066, 1464, 982, 1177, 1153, 1188, 1054, 1075, 1044, 1029, 1021, 1166, 1284, 1001, 1266, 1118, 1469, 1159, 1130, 979, 1290, 1144, 1237, 977, 1019, 1139, 908, 1115, 796, 1188, 1187, 1236, 1136, 1286, 1063, 819, 1225, 817, 1047, 1016, 1214, 0, 1048, 1232, 1064, 1100, 1438, 1304, 1123, 1222, 1031, 551, 996, 1303, 1051, 995, 979, 1001, 1098, 1424, 992, 1195, 1164, 625, 999, 1093, 1412, 1347, 714, 1159, 1245, 1094, 1432, 1108, 1133},
			{ 886, 818, 5, 1001, 880, 448, 514, 914, 1065, 517, 966, 667, 638, 1008, 692, 944, 674, 735, 866, 875, 1147, 824, 714, 627, 915, 969, 752, 700, 626, 903, 476, 821, 646, 877, 796, 811, 811, 741, 685, 918, 767, 976, 608, 779, 826, 1001, 763, 886, 744, 769, 1093, 813, 759, 480, 837, 1090, 934, 585, 963, 351, 510, 884, 843, 617, 766, 827, 1048, 0, 814, 854, 777, 965, 546, 557, 570, 690, 497, 768, 939, 735, 541, 980, 719, 941, 886, 710, 1028, 813, 651, 287, 792, 861, 918, 740, 992, 956, 812, 1156, 858, 821},
			{ 555, 542, 809, 684, 336, 460, 554, 616, 601, 297, 663, 447, 548, 710, 479, 572, 396, 450, 322, 538, 837, 289, 450, 432, 574, 656, 454, 359, 455, 431, 668, 260, 353, 413, 307, 374, 535, 441, 418, 382, 223, 574, 437, 408, 505, 772, 239, 515, 255, 297, 500, 324, 223, 623, 293, 719, 696, 414, 504, 557, 550, 503, 502, 527, 294, 530, 1232, 814, 0, 417, 453, 803, 268, 449, 350, 309, 787, 342, 641, 468, 518, 340, 524, 584, 724, 369, 564, 269, 694, 621, 248, 690, 625, 627, 524, 727, 471, 710, 386, 181},
			{ 595, 599, 859, 677, 507, 600, 515, 415, 673, 382, 710, 232, 292, 488, 518, 523, 539, 119, 493, 207, 595, 344, 399, 289, 629, 740, 512, 308, 494, 275, 454, 315, 392, 470, 267, 43, 592, 306, 429, 472, 444, 567, 476, 166, 511, 623, 294, 273, 294, 258, 555, 363, 313, 602, 514, 477, 616, 453, 308, 503, 511, 490, 557, 313, 255, 569, 1064, 854, 417, 0, 122, 756, 411, 297, 396, 348, 877, 432, 325, 379, 375, 395, 197, 549, 779, 318, 593, 490, 573, 567, 419, 729, 411, 484, 484, 578, 420, 671, 320, 236},
			{ 473, 635, 772, 713, 465, 481, 637, 293, 611, 260, 746, 110, 414, 610, 640, 559, 417, 155, 451, 243, 717, 380, 489, 325, 665, 767, 455, 398, 589, 311, 576, 351, 514, 506, 389, 79, 628, 184, 551, 508, 402, 603, 598, 288, 601, 684, 330, 395, 416, 380, 536, 485, 349, 638, 472, 599, 652, 575, 186, 539, 633, 612, 593, 435, 377, 691, 1100, 777, 453, 122, 0, 750, 289, 333, 313, 470, 881, 436, 361, 501, 411, 431, 233, 487, 671, 408, 629, 448, 609, 603, 377, 851, 533, 520, 606, 639, 510, 599, 356, 272},
			{ 637, 523, 960, 945, 697, 827, 898, 457, 764, 834, 644, 826, 767, 395, 821, 933, 974, 717, 683, 877, 1114, 514, 811, 651, 969, 931, 619, 720, 799, 775, 605, 543, 697, 394, 651, 713, 516, 802, 903, 535, 584, 843, 781, 752, 866, 776, 680, 859, 599, 641, 700, 530, 694, 997, 562, 891, 951, 758, 877, 730, 894, 758, 897, 746, 638, 874, 1438, 965, 803, 756, 750, 0, 846, 781, 880, 653, 1169, 724, 806, 897, 737, 781, 559, 888, 79, 730, 243, 538, 935, 794, 609, 1034, 969, 846, 509, 821, 832, 643, 730, 622},
			{ 594, 562, 541, 598, 392, 192, 580, 582, 591, 29, 702, 179, 576, 622, 587, 619, 128, 359, 378, 532, 945, 341, 506, 488, 784, 712, 690, 415, 453, 461, 414, 312, 461, 452, 415, 368, 555, 253, 633, 372, 279, 488, 471, 516, 561, 504, 449, 623, 363, 327, 605, 432, 213, 556, 332, 603, 761, 494, 475, 289, 576, 611, 712, 555, 324, 638, 1304, 546, 268, 411, 289, 846, 0, 181, 82, 417, 777, 332, 650, 583, 574, 550, 522, 556, 776, 425, 603, 308, 727, 353, 304, 738, 626, 683, 567, 459, 527, 668, 416, 391},
			{ 512, 522, 562, 721, 515, 303, 497, 626, 772, 152, 643, 302, 493, 745, 547, 636, 309, 178, 501, 418, 892, 267, 625, 500, 768, 835, 607, 538, 481, 478, 331, 296, 471, 393, 425, 254, 515, 376, 650, 529, 402, 611, 463, 463, 684, 600, 433, 570, 373, 344, 694, 442, 394, 473, 472, 726, 789, 440, 519, 206, 493, 621, 696, 472, 341, 648, 1123, 557, 449, 297, 333, 781, 181, 0, 99, 427, 958, 513, 536, 600, 524, 534, 408, 679, 702, 544, 544, 448, 644, 270, 427, 716, 708, 695, 508, 640, 646, 757, 433, 375},
			{ 611, 502, 565, 622, 416, 274, 502, 606, 673, 53, 736, 203, 592, 646, 505, 537, 210, 277, 402, 517, 863, 366, 530, 432, 764, 736, 706, 439, 481, 379, 430, 358, 379, 486, 333, 353, 495, 277, 551, 454, 303, 512, 463, 434, 585, 586, 429, 541, 281, 245, 629, 350, 295, 572, 373, 627, 722, 440, 499, 305, 498, 529, 692, 571, 242, 556, 1222, 570, 350, 396, 313, 880, 82, 99, 0, 335, 859, 414, 620, 501, 518, 530, 507, 580, 801, 449, 637, 349, 692, 369, 328, 716, 651, 627, 550, 541, 551, 658, 334, 371},
			{ 669, 388, 695, 521, 562, 436, 353, 691, 616, 388, 509, 538, 468, 557, 278, 388, 545, 467, 548, 471, 636, 160, 460, 462, 603, 760, 658, 389, 146, 230, 464, 131, 44, 259, 106, 391, 381, 612, 402, 236, 449, 631, 128, 207, 506, 528, 268, 314, 54, 96, 529, 123, 386, 606, 427, 518, 387, 105, 523, 339, 349, 194, 531, 447, 93, 281, 1031, 690, 309, 348, 470, 653, 417, 427, 335, 0, 950, 505, 471, 352, 548, 369, 545, 492, 595, 379, 410, 403, 543, 403, 474, 381, 316, 632, 323, 483, 363, 509, 185, 210},
			{ 1169, 1078, 492, 1261, 732, 945, 1011, 989, 942, 806, 1219, 956, 1126, 1266, 1117, 1146, 905, 910, 746, 998, 1305, 1005, 1013, 1004, 1140, 515, 1117, 931, 804, 1066, 973, 1034, 906, 1035, 1056, 834, 1085, 1013, 938, 723, 845, 1196, 822, 1043, 901, 739, 1008, 1150, 1004, 1046, 746, 1073, 564, 733, 915, 1354, 1096, 845, 1067, 848, 1007, 903, 1068, 1105, 1043, 1005, 551, 497, 787, 877, 881, 1169, 777, 958, 859, 950, 0, 445, 930, 988, 1038, 906, 988, 1066, 1090, 941, 1015, 891, 904, 784, 820, 1121, 861, 993, 1150, 694, 1043, 1290, 1111, 968},
			{ 793, 780, 763, 816, 574, 524, 657, 729, 497, 361, 774, 511, 681, 821, 783, 752, 460, 465, 560, 553, 962, 631, 688, 635, 723, 894, 796, 597, 359, 621, 680, 602, 461, 651, 611, 389, 773, 585, 493, 278, 461, 812, 377, 598, 743, 836, 563, 705, 559, 601, 842, 628, 119, 288, 531, 909, 651, 400, 622, 555, 653, 458, 651, 660, 598, 560, 996, 768, 342, 432, 436, 724, 332, 513, 414, 505, 445, 0, 671, 543, 721, 682, 543, 621, 645, 607, 570, 507, 459, 491, 486, 676, 733, 548, 766, 791, 709, 845, 666, 523},
